4294967294,2264
4294967294,1537
4294967278,561
4294967293,131
4294967293,130
4294967293,129
4294967293,128
4294967293,127
4294967293,126
4294967293,125
4294967293,124
4294967293,123
4294967293,122
4294967293,121
4294967293,120
4294967293,119
4294967293,118
4294967293,117
4294967293,116
4294967293,115
4294967293,114
4294967293,113
4294967293,112
4294967293,111
4294967293,110
4294967293,109
4294967293,108
4294967293,107
4294967293,106
4294967293,105
4294967293,104
4294967293,103
4294967293,102
4294967293,101
4294967293,100
4294967293,99
4294967293,98
4294967293,97
4294967293,96
4294967293,95
4294967293,94
4294967293,93
4294967293,92
4294967293,91
4294967293,90
4294967293,89
4294967293,88
4294967293,87
4294967293,86
4294967293,85
4294967293,84
4294967293,83
4294967293,82
4294967293,81
4294967293,80
4294967293,79
4294967293,78
4294967293,77
4294967293,76
4294967293,75
4294967293,74
4294967293,73
4294967293,72
4294967293,71
4294967293,70
4294967293,69
4294967293,68
4294967293,67
4294967293,66
4294967293,65
4294967293,64
4294967293,63
4294967293,62
4294967293,61
4294967293,60
4294967293,59
4294967293,58
4294967293,57
4294967293,56
4294967293,55
4294967293,54
4294967293,53
4294967293,52
4294967293,51
4294967293,50
4294967293,49
4294967293,48
4294967293,47
4294967293,46
4294967293,45
4294967293,44
4294967293,43
4294967293,42
4294967293,41
4294967293,40
4294967293,39
4294967293,38
4294967293,37
4294967293,36
4294967293,35
4294967293,34
4294967293,33
4294967293,32
4294967293,31
4294967293,30
4294967293,29
4294967293,28
4294967293,27
4294967293,26
4294967293,25
4294967293,24
4294967293,23
4294967293,22
4294967293,21
4294967293,20
4294967293,19
4294967293,18
4294967293,17
4294967293,16
4294967293,15
4294967293,14
4294967293,13
4294967293,12
4294967293,11
4294967293,10
4294967293,9
4294967293,8
4294967293,7
4294967293,6
4294967293,5
4294967293,4
4294967293,3
4294967293,2
4243767290,0
4243767289,0
4243767288,0
4243767287,0
4243767286,0
4243767285,0
4243767284,0
4243767283,0
4243767282,0
4243767281,0
4294967293,0
4294967279,558
4294967279,544
4294967279,91
4294967279,205
4294967279,206
4294967279,563
4294967279,522
4294967279,92
4294967279,93
4294967279,207
4294967279,208
4294967279,559
4294967279,134
4294967279,94
4294967279,95
4294967279,209
4294967279,210
4294967279,537
4294967279,333
4294967279,96
4294967279,97
4294967279,212
4294967279,211
4294967279,98
4294967279,373
4294967279,99
4294967279,566
4294967279,384
4294967279,564
4294967279,213
4294967279,214
4294967279,545
4294967279,216
4294967279,100
4294967279,101
4294967279,102
4294967279,103
4294967279,546
4294967279,370
4294967279,343
4294967279,318
4294967279,218
4294967279,220
4294967279,104
4294967279,105
4294967279,222
4294967279,224
4294967279,561
4294967279,106
4294967279,107
4294967279,337
4294967279,226
4294967279,535
4294967279,516
4294967279,228
4294967279,108
4294967279,230
4294967279,232
4294967279,109
4294967279,234
4294967279,110
4294967279,111
4294967279,330
4294967279,112
4294967279,338
4294967279,379
4294967279,236
4294967279,237
4294967279,554
4294967279,238
4294967279,113
4294967279,114
4294967279,240
4294967279,115
4294967279,317
4294967279,185
4294967279,116
4294967279,348
4294967279,242
4294967279,244
4294967279,328
4294967279,246
4294967279,117
4294967279,118
4294967279,248
4294967279,119
4294967279,526
4294967279,188
4294967279,120
4294967279,385
4294967279,249
4294967279,250
4294967279,251
4294967279,357
4294967279,121
4294967279,122
4294967279,123
4294967279,124
4294967279,386
4294967279,331
4294967279,387
4294967279,388
4294967279,538
4294967279,252
4294967279,366
4294967279,125
4294967279,126
4294967279,376
4294967279,127
4294967279,389
4294967279,128
4294967279,390
4294967279,391
4294967279,517
4294967279,552
4294967279,326
4294967279,309
4294967279,129
4294967279,255
4294967279,130
4294967279,131
4294967278,556
4294967278,513
4294967279,132
4294967278,326
4294967278,257
4294967278,4
4294967278,258
4294967278,5
4294967278,259
4294967278,6
4294967278,261
4294967278,7
4294967278,353
4294967278,526
4294967278,354
4294967278,293
4294967278,262
4294967278,8
4294967278,263
4294967278,9
4294967278,279
4294967278,10
4294967278,339
4294967278,264
4294967278,11
4294967278,521
4294967278,265
4294967278,12
4294967278,303
4294967278,382
4294967278,525
4294967278,266
4294967278,13
4294967278,340
4294967278,269
4294967278,267
