85570	1859	1094
85900	1865	1094
86230	1871	1094
86560	1877	1094
86890	1883	1094
87220	1889	1415
87550	1895	1415
87880	1901	1415
88210	1907	1415
88540	1913	1415
88870	1919	1445
89200	1925	1445
89530	1931	1445
89860	1937	1445
90190	1943	1445
90520	1949	1547
90850	1955	1547
91180	1961	1547
91510	1967	1547
91840	1973	1547
92170	1979	1550
92500	1985	1550
92830	1991	1550
93160	1997	1550
93490	2003	1550


添加一行关于fy的心得
85570	1859	1593
85900	1865	1593
86230	1871	1593
86560	1877	1593
86890	1883	1593
87220	1889	1593
87550	1895	1593
87880	1901	1593
88210	1907	1593
88540	1913	1593
88870	1919	1593
89200	1925	1593 ...
89530	1931	1445
89860	1937	1445
90190	1943	1445
90520	1949	1547
90850	1955	1547
91180	1961	1547
91510	1967	1547
91840	1973	1547
92170	1979	1550
92500	1985	1550
92830	1991	1550
93160	1997	1550
93490	2003	1550